0 N 2 186 150
0 N 3 741 150
0 N 4 100 100
0 L 2 3
0 L 3 2
0 P 2 3 0.000408 1 1.000408
1.000408 P 3 2 1.000816 2.000408 2.000816
2.000816 P 2 3 2.001192 3.000816 3.001192
2.001192 P 2 3 2.005568 3.001192 3.005568
3.005568 P 3 2 3.005944 4.005568 4.005944
3.005944 P 3 2 3.01032 4.005944 4.01032
4.005944 P 2 3 4.010608 5.005944 5.010608
4.010608 P 2 3 4.014696 5.010608 5.014696
4.014696 P 2 3 4.015072 5.014696 5.015072
5.010608 P 3 2 5.010984 6.010608 6.010984
5.014696 P 3 2 5.015072 6.014696 6.015072
5.015072 P 3 2 5.019736 6.015072 6.019736
5.019736 P 3 2 5.023824 6.019736 6.023824
6.010984 P 2 3 6.015648 7.010984 7.015648
6.015648 P 2 3 6.019736 7.015648 7.019736
6.019736 P 2 3 6.020112 7.019736 7.020112
6.023824 P 2 3 6.0242 7.023824 7.0242
7.015648 P 3 2 7.016024 8.015648 8.016024
7.019736 P 3 2 7.020112 8.019736 8.020112
7.020112 P 3 2 7.024776 8.020112 8.024776
7.024776 P 3 2 7.028864 8.024776 8.028864
8.000816 P 2 3 8.00548 9.000816 9.00548
8.00548 P 2 3 8.009568 9.00548 9.009568
8.024776 P 2 3 8.025152 9.024776 9.025152
8.028864 P 2 3 8.02924 9.028864 9.02924
9.00548 P 3 2 9.005856 10.00548 10.005856
9.005856 P 3 2 9.01052 10.005856 10.01052
9.01052 P 3 2 9.010896 10.01052 10.010896
9.025152 P 3 2 9.02924 10.025152 10.02924
10.000816 P 2 3 10.00548 11.000816 11.00548
10.00548 P 2 3 10.009568 11.00548 11.009568
10.01052 P 2 3 10.010896 11.01052 11.010896
10.02924 P 2 3 10.029616 11.02924 11.029616
11.00548 P 3 2 11.005856 12.00548 12.005856
11.005856 P 3 2 11.01052 12.005856 12.01052
11.01052 P 3 2 11.010896 12.01052 12.010896
11.010896 P 3 2 11.014984 12.010896 12.014984
12.000816 P 2 3 12.00548 13.000816 13.00548
12.00548 P 2 3 12.009568 13.00548 13.009568
12.01052 P 2 3 12.010896 13.01052 13.010896
12.014984 P 2 3 12.01536 13.014984 13.01536
13.00548 P 3 2 13.005856 14.00548 14.005856
13.005856 P 3 2 13.01052 14.005856 14.01052
13.01052 P 3 2 13.010896 14.01052 14.010896
13.010896 P 3 2 13.014984 14.010896 14.014984
14.000816 P 2 3 14.00548 15.000816 15.00548
14.00548 P 2 3 14.009568 15.00548 15.009568
14.01052 P 2 3 14.010896 15.01052 15.010896
14.014984 P 2 3 14.01536 15.014984 15.01536
15.00548 P 3 2 15.005856 16.00548 16.005856
15.005856 P 3 2 15.01052 16.005856 16.01052
15.01052 P 3 2 15.010896 16.01052 16.010896
15.010896 P 3 2 15.014984 16.010896 16.014984
16.000816 P 2 3 16.00548 17.000816 17.00548
16.00548 P 2 3 16.009568 17.00548 17.009568
16.01052 P 2 3 16.010896 17.01052 17.010896
16.014984 P 2 3 16.01536 17.014984 17.01536
17.00548 P 3 2 17.005856 18.00548 18.005856
17.005856 P 3 2 17.01052 18.005856 18.01052
17.01052 P 3 2 17.010896 18.01052 18.010896
17.010896 P 3 2 17.014984 18.010896 18.014984
18.000816 P 2 3 18.00548 19.000816 19.00548
18.00548 P 2 3 18.009568 19.00548 19.009568
18.01052 P 2 3 18.010896 19.01052 19.010896
18.014984 P 2 3 18.01536 19.014984 19.01536
19.00548 P 3 2 19.005856 20.00548 20.005856
19.005856 P 3 2 19.01052 20.005856 20.01052
19.01052 P 3 2 19.010896 20.01052 20.010896
19.010896 P 3 2 19.014984 20.010896 20.014984
20.000816 P 2 3 20.00548 21.000816 21.00548
20.00548 P 2 3 20.009568 21.00548 21.009568
20.01052 P 2 3 20.010896 21.01052 21.010896
20.014984 P 2 3 20.01536 21.014984 21.01536
21.00548 P 3 2 21.005856 22.00548 22.005856
21.005856 P 3 2 21.01052 22.005856 22.01052
21.01052 P 3 2 21.010896 22.01052 22.010896
21.010896 P 3 2 21.014984 22.010896 22.014984
22.000816 P 2 3 22.00548 23.000816 23.00548
22.00548 P 2 3 22.009568 23.00548 23.009568
22.01052 P 2 3 22.010896 23.01052 23.010896
22.014984 P 2 3 22.01536 23.014984 23.01536
23.00548 P 3 2 23.005856 24.00548 24.005856
23.005856 P 3 2 23.01052 24.005856 24.01052
23.01052 P 3 2 23.010896 24.01052 24.010896
23.010896 P 3 2 23.014984 24.010896 24.014984
24.000816 P 2 3 24.00548 25.000816 25.00548
24.00548 P 2 3 24.009568 25.00548 25.009568
24.01052 P 2 3 24.010896 25.01052 25.010896
24.014984 P 2 3 24.01536 25.014984 25.01536
25.00548 P 3 2 25.005856 26.00548 26.005856
25.005856 P 3 2 25.01052 26.005856 26.01052
25.01052 P 3 2 25.010896 26.01052 26.010896
25.010896 P 3 2 25.014984 26.010896 26.014984
26.000816 P 2 3 26.00548 27.000816 27.00548
26.00548 P 2 3 26.009568 27.00548 27.009568
26.01052 P 2 3 26.010896 27.01052 27.010896
26.014984 P 2 3 26.01536 27.014984 27.01536
27.00548 P 3 2 27.005856 28.00548 28.005856
27.005856 P 3 2 27.01052 28.005856 28.01052
27.01052 P 3 2 27.010896 28.01052 28.010896
27.010896 P 3 2 27.014984 28.010896 28.014984
28.000816 P 2 3 28.00548 29.000816 29.00548
28.00548 P 2 3 28.009568 29.00548 29.009568
28.01052 P 2 3 28.010896 29.01052 29.010896
28.014984 P 2 3 28.01536 29.014984 29.01536
29.00548 P 3 2 29.005856 30.00548 30.005856
29.005856 P 3 2 29.01052 30.005856 30.01052
29.01052 P 3 2 29.010896 30.01052 30.010896
29.010896 P 3 2 29.014984 30.010896 30.014984
30.000816 P 2 3 30.00548 31.000816 31.00548
30.00548 P 2 3 30.009568 31.00548 31.009568
30.01052 P 2 3 30.010896 31.01052 31.010896
30.014984 P 2 3 30.01536 31.014984 31.01536
31.00548 P 3 2 31.005856 32.00548 32.005856
31.005856 P 3 2 31.01052 32.005856 32.01052
31.01052 P 3 2 31.010896 32.01052 32.010896
31.010896 P 3 2 31.014984 32.010896 32.014984
32.000816 P 2 3 32.00548 33.000816 33.00548
32.00548 P 2 3 32.009568 33.00548 33.009568
32.01052 P 2 3 32.010896 33.01052 33.010896
32.014984 P 2 3 32.01536 33.014984 33.01536
33.00548 P 3 2 33.005856 34.00548 34.005856
33.005856 P 3 2 33.01052 34.005856 34.01052
33.01052 P 3 2 33.010896 34.01052 34.010896
33.010896 P 3 2 33.014984 34.010896 34.014984
34.000816 P 2 3 34.00548 35.000816 35.00548
34.00548 P 2 3 34.009568 35.00548 35.009568
34.01052 P 2 3 34.010896 35.01052 35.010896
34.014984 P 2 3 34.01536 35.014984 35.01536
35.00548 P 3 2 35.005856 36.00548 36.005856
35.005856 P 3 2 35.01052 36.005856 36.01052
35.01052 P 3 2 35.010896 36.01052 36.010896
35.010896 P 3 2 35.014984 36.010896 36.014984
36.000816 P 2 3 36.00548 37.000816 37.00548
36.00548 P 2 3 36.009568 37.00548 37.009568
36.01052 P 2 3 36.010896 37.01052 37.010896
36.014984 P 2 3 36.01536 37.014984 37.01536
37.00548 P 3 2 37.005856 38.00548 38.005856
37.005856 P 3 2 37.01052 38.005856 38.01052
37.01052 P 3 2 37.010896 38.01052 38.010896
37.010896 P 3 2 37.014984 38.010896 38.014984
38.000816 P 2 3 38.00548 39.000816 39.00548
38.00548 P 2 3 38.009568 39.00548 39.009568
38.01052 P 2 3 38.010896 39.01052 39.010896
38.014984 P 2 3 38.01536 39.014984 39.01536
39.00548 P 3 2 39.005856 40.00548 40.005856
39.005856 P 3 2 39.01052 40.005856 40.01052
39.01052 P 3 2 39.010896 40.01052 40.010896
39.010896 P 3 2 39.014984 40.010896 40.014984
40.000816 P 2 3 40.00548 41.000816 41.00548
40.00548 P 2 3 40.009568 41.00548 41.009568
40.01052 P 2 3 40.010896 41.01052 41.010896
40.014984 P 2 3 40.01536 41.014984 41.01536
41.00548 P 3 2 41.005856 42.00548 42.005856
41.005856 P 3 2 41.01052 42.005856 42.01052
41.01052 P 3 2 41.010896 42.01052 42.010896
41.010896 P 3 2 41.014984 42.010896 42.014984
42.000816 P 2 3 42.00548 43.000816 43.00548
42.00548 P 2 3 42.009568 43.00548 43.009568
42.01052 P 2 3 42.010896 43.01052 43.010896
42.014984 P 2 3 42.01536 43.014984 43.01536
43.00548 P 3 2 43.005856 44.00548 44.005856
43.005856 P 3 2 43.01052 44.005856 44.01052
43.01052 P 3 2 43.010896 44.01052 44.010896
43.010896 P 3 2 43.014984 44.010896 44.014984
44.000816 P 2 3 44.00548 45.000816 45.00548
44.00548 P 2 3 44.009568 45.00548 45.009568
44.01052 P 2 3 44.010896 45.01052 45.010896
44.014984 P 2 3 44.01536 45.014984 45.01536
45.00548 P 3 2 45.005856 46.00548 46.005856
45.005856 P 3 2 45.01052 46.005856 46.01052
45.01052 P 3 2 45.010896 46.01052 46.010896
45.010896 P 3 2 45.014984 46.010896 46.014984
46.000816 P 2 3 46.00548 47.000816 47.00548
46.00548 P 2 3 46.009568 47.00548 47.009568
46.01052 P 2 3 46.010896 47.01052 47.010896
46.014984 P 2 3 46.01536 47.014984 47.01536
47.00548 P 3 2 47.005856 48.00548 48.005856
47.005856 P 3 2 47.01052 48.005856 48.01052
47.01052 P 3 2 47.010896 48.01052 48.010896
47.010896 P 3 2 47.014984 48.010896 48.014984
48.000816 P 2 3 48.00548 49.000816 49.00548
48.00548 P 2 3 48.009568 49.00548 49.009568
48.01052 P 2 3 48.010896 49.01052 49.010896
48.014984 P 2 3 48.01536 49.014984 49.01536
49.00548 P 3 2 49.005856 50.00548 50.005856
49.005856 P 3 2 49.01052 50.005856 50.01052
49.01052 P 3 2 49.010896 50.01052 50.010896
49.010896 P 3 2 49.014984 50.010896 50.014984
